Frame 0
[((832, 384), (960, 512)), ((976, 384), (1072, 480))]
Frame 1
[((832, 384), (960, 512)), ((976, 384), (1072, 480))]
Frame 2
[((832, 384), (960, 512)), ((976, 384), (1072, 480))]
Frame 3
[((832, 384), (960, 512)), ((976, 384), (1072, 480))]
Frame 4
[((832, 384), (960, 512)), ((976, 384), (1072, 480))]
Frame 5
[((832, 384), (960, 512)), ((960, 384), (1088, 512))]
Frame 6
[((832, 384), (960, 512)), ((960, 384), (1088, 512))]
Frame 7
[((832, 384), (960, 512)), ((960, 384), (1088, 512))]
Frame 8
[((960, 384), (1088, 512)), ((832, 384), (960, 512))]
Frame 9
[((832, 384), (960, 512)), ((960, 384), (1088, 512))]
Frame 10
[((960, 384), (1088, 512)), ((832, 384), (960, 512))]
Frame 11
[((960, 384), (1088, 512)), ((832, 384), (960, 512))]
Frame 12
[((960, 384), (1088, 512)), ((832, 384), (960, 512))]
Frame 13
[((832, 384), (960, 512)), ((960, 384), (1088, 512))]
Frame 14
[((832, 384), (960, 512)), ((976, 384), (1072, 480))]
Frame 15
[((832, 384), (960, 512)), ((960, 384), (1088, 512))]
Frame 16
[((960, 384), (1088, 512)), ((832, 384), (960, 512))]
Frame 17
[((832, 384), (960, 512)), ((960, 384), (1088, 512))]
Frame 18
[((832, 384), (960, 512)), ((960, 384), (1088, 512))]
Frame 19
[((832, 384), (960, 512)), ((960, 384), (1088, 512))]
Frame 20
[((832, 384), (960, 512)), ((960, 384), (1088, 512))]
Frame 21
[((832, 384), (960, 512)), ((960, 384), (1088, 512))]
Frame 22
[((832, 384), (960, 512)), ((1000, 400), (1080, 480))]
Frame 23
[((832, 384), (960, 512)), ((1000, 400), (1080, 480))]
Frame 24
[((832, 384), (960, 512)), ((960, 384), (1088, 512))]
Frame 25
[((832, 384), (960, 512)), ((960, 384), (1088, 512))]
Frame 26
[((832, 384), (960, 512)), ((960, 384), (1088, 512))]
Frame 27
[((832, 384), (960, 512)), ((960, 384), (1088, 512))]
Frame 28
[((832, 384), (960, 512)), ((960, 384), (1088, 512))]
Frame 29
[((832, 384), (960, 512)), ((960, 384), (1088, 512))]
Frame 30
[((832, 384), (960, 512)), ((960, 384), (1088, 512))]
Frame 31
[((832, 384), (960, 512)), ((960, 384), (1088, 512))]
Frame 32
[((832, 384), (960, 512)), ((960, 384), (1088, 512))]
Frame 33
[((832, 384), (960, 512)), ((960, 384), (1088, 512))]
Frame 34
[((832, 384), (960, 512)), ((960, 384), (1088, 512))]
Frame 35
[((832, 384), (960, 512)), ((960, 384), (1088, 512))]
Frame 36
[((832, 384), (960, 512)), ((960, 384), (1088, 512))]
Frame 37
[((832, 384), (960, 512)), ((960, 384), (1088, 512))]
Frame 38
[((832, 384), (960, 512)), ((1024, 384), (1120, 480))]
Frame 39
[((832, 384), (960, 512)), ((1024, 384), (1152, 512))]
Frame 40
[((832, 384), (960, 512)), ((1024, 384), (1152, 512))]
Frame 41
[((832, 384), (960, 512)), ((1024, 384), (1152, 512))]
Frame 42
[((832, 384), (960, 512)), ((1024, 384), (1152, 512))]
Frame 43
[((832, 384), (960, 512)), ((1024, 384), (1152, 512))]
Frame 44
[((832, 384), (960, 512)), ((1024, 384), (1152, 512))]
Frame 45
[((832, 384), (960, 512)), ((1024, 384), (1152, 512))]
Frame 46
[((832, 384), (960, 512)), ((1024, 384), (1152, 512))]
Frame 47
[((832, 384), (960, 512)), ((1024, 384), (1152, 512))]
Frame 48
[((832, 384), (960, 512)), ((1024, 384), (1152, 512))]
Frame 49
[((832, 384), (960, 512)), ((1024, 384), (1152, 512))]
Frame 50
[((832, 384), (960, 512)), ((1024, 384), (1152, 512))]
Frame 51
[((832, 384), (960, 512)), ((1024, 384), (1152, 512))]
Frame 52
[((832, 384), (960, 512)), ((1024, 384), (1152, 512))]
Frame 53
[((832, 384), (960, 512)), ((1024, 384), (1152, 512))]
Frame 54
[((832, 384), (960, 512)), ((1024, 384), (1152, 512))]
Frame 55
[((832, 384), (960, 512)), ((1024, 384), (1152, 512))]
Frame 56
[((832, 384), (960, 512)), ((1024, 384), (1152, 512))]
Frame 57
[((832, 384), (960, 512)), ((1024, 384), (1152, 512))]
Frame 58
[((832, 384), (960, 512)), ((1024, 384), (1152, 512))]
Frame 59
[((832, 384), (960, 512)), ((1024, 384), (1152, 512))]
Frame 60
[((832, 384), (960, 512)), ((1024, 384), (1152, 512))]
Frame 61
[((832, 384), (960, 512)), ((1024, 384), (1152, 512))]
Frame 62
[((832, 384), (960, 512)), ((1024, 384), (1152, 512))]
Frame 63
[((832, 384), (960, 512))]
Frame 64
[((832, 384), (960, 512))]
Frame 65
[((832, 384), (960, 512)), ((1024, 384), (1152, 512))]
Frame 66
[((832, 384), (960, 512)), ((1024, 384), (1152, 512))]
Frame 67
[((832, 384), (960, 512)), ((1024, 384), (1152, 512))]
Frame 68
[((832, 384), (960, 512)), ((1024, 384), (1152, 512))]
Frame 69
[((832, 384), (960, 512)), ((1024, 384), (1152, 512))]
Frame 70
[((832, 384), (960, 512)), ((1024, 384), (1152, 512))]
Frame 71
[((832, 384), (960, 512)), ((1024, 384), (1152, 512))]
Frame 72
[((832, 384), (960, 512)), ((1024, 384), (1152, 512))]
Frame 73
[((832, 384), (960, 512)), ((1024, 384), (1152, 512))]
Frame 74
[((832, 384), (960, 512)), ((1024, 384), (1152, 512))]
Frame 75
[((832, 384), (960, 512)), ((1024, 384), (1152, 512))]
Frame 76
[((832, 384), (960, 512)), ((1024, 384), (1152, 512))]
Frame 77
[((832, 384), (960, 512)), ((1024, 384), (1152, 512))]
Frame 78
[((832, 384), (960, 512)), ((1024, 384), (1152, 512))]
Frame 79
[((832, 384), (960, 512)), ((1024, 384), (1152, 512))]
Frame 80
[((832, 384), (960, 512)), ((1024, 384), (1152, 512))]
Frame 81
[((832, 384), (960, 512)), ((1024, 384), (1152, 512))]
Frame 82
[((832, 384), (960, 512)), ((1024, 384), (1152, 512))]
Frame 83
[((832, 384), (960, 512)), ((1024, 384), (1152, 512))]
Frame 84
[((832, 384), (960, 512))]
Frame 85
[((832, 384), (960, 512))]
Frame 86
[((832, 384), (960, 512))]
Frame 87
[((832, 384), (960, 512))]
Frame 88
[((832, 384), (960, 512)), ((1024, 384), (1152, 512))]
Frame 89
[((832, 384), (960, 512)), ((1088, 384), (1216, 512))]
Frame 90
[((832, 384), (960, 512)), ((1088, 384), (1216, 512))]
Frame 91
[((832, 384), (960, 512)), ((1088, 384), (1216, 512))]
Frame 92
[((832, 384), (960, 512)), ((1088, 384), (1216, 512))]
Frame 93
[((832, 384), (960, 512)), ((1088, 384), (1216, 512))]
Frame 94
[((832, 384), (960, 512)), ((1024, 384), (1152, 512))]
Frame 95
[((832, 384), (960, 512)), ((1024, 384), (1152, 512))]
Frame 96
[((832, 384), (960, 512)), ((1024, 384), (1152, 512))]
Frame 97
[((832, 384), (960, 512)), ((1088, 384), (1216, 512))]
Frame 98
[((832, 384), (960, 512)), ((1024, 384), (1152, 512))]
Frame 99
[((832, 384), (960, 512)), ((1024, 384), (1152, 512))]
Frame 100
[((832, 384), (960, 512)), ((1024, 384), (1152, 512))]
Frame 101
[((832, 384), (960, 512)), ((1024, 384), (1152, 512))]
Frame 102
[((832, 384), (960, 512))]
Frame 103
[((832, 384), (960, 512)), ((1024, 384), (1152, 512))]
Frame 104
[((832, 384), (960, 512))]
Frame 105
[((832, 384), (960, 512))]
Frame 106
[((832, 384), (960, 512))]
Frame 107
[((832, 384), (960, 512)), ((1088, 384), (1216, 512))]
Frame 108
[((832, 384), (960, 512)), ((1088, 384), (1216, 512))]
Frame 109
[((832, 384), (960, 512)), ((1088, 384), (1216, 512))]
Frame 110
[((832, 384), (960, 512)), ((1088, 384), (1216, 512)), ((704, 576), (832, 704))]
Frame 111
[((832, 384), (960, 512)), ((1088, 384), (1216, 512))]
Frame 112
[((832, 384), (960, 512)), ((1088, 384), (1216, 512))]
Frame 113
[((832, 384), (960, 512)), ((1088, 384), (1216, 512))]
Frame 114
[((832, 384), (960, 512)), ((1088, 384), (1216, 512))]
Frame 115
[((832, 384), (960, 512))]
Frame 116
[((832, 384), (960, 512))]
Frame 117
[((832, 384), (960, 512))]
Frame 118
[((832, 384), (960, 512))]
Frame 119
[((832, 384), (960, 512))]
Frame 120
[((832, 384), (960, 512))]
Frame 121
[((832, 384), (960, 512))]
Frame 122
[((832, 384), (960, 512))]
Frame 123
[((832, 384), (960, 512))]
Frame 124
[((832, 384), (960, 512)), ((1152, 384), (1280, 512))]
Frame 125
[((832, 384), (960, 512)), ((1152, 384), (1280, 512))]
Frame 126
[((832, 384), (960, 512)), ((1152, 384), (1280, 512))]
Frame 127
[((832, 384), (960, 512)), ((1152, 384), (1280, 512))]
Frame 128
[((832, 384), (960, 512)), ((1152, 384), (1280, 512))]
Frame 129
[((832, 384), (960, 512)), ((1152, 384), (1280, 512))]
Frame 130
[((832, 384), (960, 512)), ((1152, 384), (1280, 512))]
Frame 131
[((832, 384), (960, 512)), ((1088, 384), (1216, 512))]
Frame 132
[((832, 384), (960, 512)), ((1088, 384), (1216, 512))]
Frame 133
[((832, 384), (960, 512)), ((1088, 384), (1216, 512))]
Frame 134
[((832, 384), (960, 512)), ((1088, 384), (1216, 512))]
Frame 135
[((832, 384), (960, 512)), ((1088, 384), (1216, 512))]
Frame 136
[((832, 384), (960, 512)), ((1088, 384), (1216, 512))]
Frame 137
[((832, 384), (960, 512)), ((1088, 384), (1216, 512))]
Frame 138
[((832, 384), (960, 512)), ((1088, 384), (1216, 512))]
Frame 139
[((832, 384), (960, 512))]
Frame 140
[((832, 384), (960, 512))]
Frame 141
[((832, 384), (960, 512))]
Frame 142
[((832, 384), (960, 512))]
Frame 143
[((832, 384), (960, 512))]
Frame 144
[((832, 384), (960, 512))]
Frame 145
[((832, 384), (960, 512))]
Frame 146
[((832, 384), (960, 512))]
Frame 147
[((832, 384), (960, 512))]
Frame 148
[((832, 384), (960, 512))]
Frame 149
[((832, 384), (960, 512))]
Frame 150
[((832, 384), (960, 512))]
Frame 151
[((832, 384), (960, 512))]
Frame 152
[((832, 384), (960, 512))]
Frame 153
[((832, 384), (960, 512))]
Frame 154
[((832, 384), (960, 512)), ((1088, 384), (1216, 512))]
Frame 155
[((832, 384), (960, 512))]
Frame 156
[((832, 384), (960, 512))]
Frame 157
[((832, 384), (960, 512)), ((1088, 384), (1216, 512))]
Frame 158
[((832, 384), (960, 512)), ((1088, 384), (1216, 512))]
Frame 159
[((832, 384), (960, 512)), ((1088, 384), (1216, 512))]
Frame 160
[((832, 384), (960, 512)), ((1088, 384), (1216, 512))]
Frame 161
[((832, 384), (960, 512)), ((1088, 384), (1216, 512))]
Frame 162
[((832, 384), (960, 512)), ((1088, 384), (1216, 512))]
Frame 163
[((832, 384), (960, 512)), ((1088, 384), (1216, 512))]
Frame 164
[((832, 384), (960, 512)), ((1088, 384), (1216, 512))]
Frame 165
[((832, 384), (960, 512))]
Frame 166
[((832, 384), (960, 512))]
Frame 167
[((832, 384), (960, 512))]
Frame 168
[((832, 384), (960, 512))]
Frame 169
[((840, 400), (920, 480))]
Frame 170
[((832, 384), (960, 512))]
Frame 171
[((840, 400), (920, 480))]
Frame 172
[((840, 400), (920, 480))]
Frame 173
[((840, 400), (920, 480))]
Frame 174
[((832, 384), (960, 512))]
Frame 175
[((840, 400), (920, 480))]
Frame 176
[((832, 384), (960, 512))]
Frame 177
[((840, 400), (920, 480))]
Frame 178
[((832, 384), (960, 512))]
Frame 179
[((832, 384), (960, 512))]
Frame 180
[((840, 400), (920, 480))]
Frame 181
[((832, 384), (960, 512))]
Frame 182
[]
Frame 183
[((840, 400), (920, 480))]
Frame 184
[]
Frame 185
[]
Frame 186
[((840, 400), (920, 480))]
Frame 187
[]
Frame 188
[((832, 384), (960, 512))]
Frame 189
[((832, 384), (960, 512))]
Frame 190
[((832, 384), (960, 512))]
Frame 191
[((840, 400), (920, 480))]
Frame 192
[((832, 384), (960, 512))]
Frame 193
[((840, 400), (920, 480))]
Frame 194
[]
Frame 195
[((840, 400), (920, 480))]
Frame 196
[((832, 384), (960, 512))]
Frame 197
[((840, 400), (920, 480)), ((1072, 384), (1168, 480))]
Frame 198
[((840, 400), (920, 480))]
Frame 199
[((840, 400), (920, 480))]
Frame 200
[]
Frame 201
[]
Frame 202
[]
Frame 203
[((840, 400), (920, 480))]
Frame 204
[((840, 400), (920, 480))]
Frame 205
[((1072, 384), (1168, 480))]
Frame 206
[((1072, 384), (1168, 480))]
Frame 207
[]
Frame 208
[]
Frame 209
[]
Frame 210
[]
Frame 211
[]
Frame 212
[((840, 400), (920, 480))]
Frame 213
[]
Frame 214
[]
Frame 215
[]
Frame 216
[]
Frame 217
[((800, 400), (880, 480))]
Frame 218
[]
Frame 219
[((1152, 384), (1280, 512))]
Frame 220
[((1152, 384), (1280, 512))]
Frame 221
[]
Frame 222
[((1152, 384), (1280, 512))]
Frame 223
[((1152, 384), (1280, 512))]
Frame 224
[((768, 384), (896, 512))]
Frame 225
[((1152, 384), (1280, 512))]
Frame 226
[]
Frame 227
[((768, 384), (896, 512))]
Frame 228
[((768, 384), (896, 512))]
Frame 229
[((768, 384), (896, 512))]
Frame 230
[((768, 384), (896, 512))]
Frame 231
[]
Frame 232
[((840, 400), (920, 480)), ((768, 384), (896, 512))]
Frame 233
[((800, 400), (880, 480))]
Frame 234
[((800, 400), (880, 480))]
Frame 235
[((800, 400), (880, 480))]
Frame 236
[((800, 400), (880, 480))]
Frame 237
[((800, 400), (880, 480))]
Frame 238
[((800, 400), (880, 480))]
Frame 239
[((800, 400), (880, 480))]
Frame 240
[((800, 400), (880, 480))]
Frame 241
[((800, 400), (880, 480))]
Frame 242
[((768, 384), (896, 512))]
Frame 243
[((800, 400), (880, 480))]
Frame 244
[((768, 384), (896, 512))]
Frame 245
[((800, 400), (880, 480))]
Frame 246
[((768, 384), (896, 512))]
Frame 247
[((768, 384), (896, 512))]
Frame 248
[((768, 384), (896, 512))]
Frame 249
[((768, 384), (896, 512))]
Frame 250
[((768, 384), (896, 512))]
Frame 251
[((768, 384), (896, 512))]
