Frame 0
[((820, 406), (971, 503)), ((962, 403), (1079, 481))]
Frame 1
[((820, 406), (971, 503)), ((962, 403), (1079, 481))]
Frame 2
[((820, 406), (971, 503)), ((962, 403), (1079, 481))]
Frame 3
[((820, 405), (969, 503)), ((956, 404), (1084, 481))]
Frame 4
[((819, 406), (969, 503)), ((954, 405), (1083, 478))]
Frame 5
[((818, 406), (968, 501)), ((952, 404), (1085, 479))]
Frame 6
[((819, 405), (967, 503)), ((956, 405), (1085, 477))]
Frame 7
[((819, 405), (967, 503)), ((956, 405), (1085, 477))]
Frame 8
[((819, 405), (967, 503)), ((956, 405), (1085, 477))]
Frame 9
[((819, 405), (967, 503)), ((956, 405), (1085, 477))]
Frame 10
[((819, 405), (967, 498)), ((963, 404), (1092, 480))]
Frame 11
[((819, 405), (967, 498)), ((963, 404), (1092, 480))]
Frame 12
[((819, 405), (967, 498)), ((963, 404), (1092, 480))]
Frame 13
[((819, 405), (967, 498)), ((963, 404), (1092, 480))]
Frame 14
[((819, 405), (967, 498)), ((963, 404), (1092, 480))]
Frame 15
[((819, 405), (967, 498)), ((963, 404), (1092, 480))]
Frame 16
[((819, 405), (967, 498)), ((963, 404), (1092, 480))]
Frame 17
[((819, 405), (967, 498)), ((963, 404), (1092, 480))]
Frame 18
[((819, 405), (967, 498)), ((963, 404), (1092, 480))]
Frame 19
[((819, 405), (967, 498)), ((963, 404), (1092, 480))]
Frame 20
[((816, 407), (960, 500)), ((961, 408), (1105, 484))]
Frame 21
[((816, 407), (960, 500)), ((961, 408), (1105, 484))]
Frame 22
[((816, 407), (960, 500)), ((961, 408), (1105, 484))]
Frame 23
[((816, 407), (960, 500)), ((961, 408), (1105, 484))]
Frame 24
[((816, 407), (960, 500)), ((961, 408), (1105, 484))]
Frame 25
[((816, 407), (960, 500)), ((961, 408), (1105, 484))]
Frame 26
[((816, 407), (960, 500)), ((961, 408), (1105, 484))]
Frame 27
[((816, 407), (960, 500)), ((961, 408), (1105, 484))]
Frame 28
[((816, 407), (960, 500)), ((961, 408), (1105, 484))]
Frame 29
[((816, 407), (960, 500)), ((961, 408), (1105, 484))]
Frame 30
[((813, 407), (953, 500)), ((963, 407), (1120, 488))]
Frame 31
[((813, 407), (953, 500)), ((963, 407), (1120, 488))]
Frame 32
[((813, 407), (953, 500)), ((963, 407), (1120, 488))]
Frame 33
[((813, 407), (953, 500)), ((963, 407), (1120, 488))]
Frame 34
[((813, 407), (953, 500)), ((963, 407), (1120, 488))]
Frame 35
[((813, 407), (953, 500)), ((963, 407), (1120, 488))]
Frame 36
[((813, 407), (953, 500)), ((963, 407), (1120, 488))]
Frame 37
[((813, 407), (953, 500)), ((963, 407), (1120, 488))]
Frame 38
[((813, 407), (953, 500)), ((963, 407), (1120, 488))]
Frame 39
[((813, 407), (953, 500)), ((963, 407), (1120, 488))]
Frame 40
[((810, 409), (947, 497)), ((970, 408), (1133, 488))]
Frame 41
[((810, 409), (947, 497)), ((970, 408), (1133, 488))]
Frame 42
[((810, 409), (947, 497)), ((970, 408), (1133, 488))]
Frame 43
[((810, 409), (947, 497)), ((970, 408), (1133, 488))]
Frame 44
[((810, 409), (947, 497)), ((970, 408), (1133, 488))]
Frame 45
[((810, 409), (947, 497)), ((970, 408), (1133, 488))]
Frame 46
[((810, 409), (947, 497)), ((970, 408), (1133, 488))]
Frame 47
[((810, 409), (947, 497)), ((970, 408), (1133, 488))]
Frame 48
[((810, 409), (947, 497)), ((970, 408), (1133, 488))]
Frame 49
[((810, 409), (947, 497)), ((970, 408), (1133, 488))]
Frame 50
[((807, 407), (945, 499)), ((984, 407), (1149, 491))]
Frame 51
[((807, 407), (945, 499)), ((984, 407), (1149, 491))]
Frame 52
[((807, 407), (945, 499)), ((984, 407), (1149, 491))]
Frame 53
[((807, 407), (945, 499)), ((984, 407), (1149, 491))]
Frame 54
[((807, 407), (945, 499)), ((984, 407), (1149, 491))]
Frame 55
[((807, 407), (945, 499)), ((984, 407), (1149, 491))]
Frame 56
[((807, 407), (945, 499)), ((984, 407), (1149, 491))]
Frame 57
[((807, 407), (945, 499)), ((984, 407), (1149, 491))]
Frame 58
[((807, 407), (945, 499)), ((984, 407), (1149, 491))]
Frame 59
[((807, 407), (945, 499)), ((984, 407), (1149, 491))]
Frame 60
[((807, 409), (940, 496)), ((992, 405), (1166, 490))]
Frame 61
[((807, 409), (940, 496)), ((992, 405), (1166, 490))]
Frame 62
[((807, 409), (940, 496)), ((992, 405), (1166, 490))]
Frame 63
[((807, 409), (940, 496)), ((992, 405), (1166, 490))]
Frame 64
[((807, 409), (940, 496)), ((992, 405), (1166, 490))]
Frame 65
[((807, 409), (940, 496)), ((992, 405), (1166, 490))]
Frame 66
[((807, 409), (940, 496)), ((992, 405), (1166, 490))]
Frame 67
[((807, 409), (940, 496)), ((992, 405), (1166, 490))]
Frame 68
[((807, 409), (940, 496)), ((992, 405), (1166, 490))]
Frame 69
[((807, 409), (940, 496)), ((992, 405), (1166, 490))]
Frame 70
[((808, 409), (940, 493)), ((1003, 408), (1185, 496))]
Frame 71
[((808, 409), (940, 493)), ((1003, 408), (1185, 496))]
Frame 72
[((808, 409), (940, 493)), ((1003, 408), (1185, 496))]
Frame 73
[((808, 409), (940, 493)), ((1003, 408), (1185, 496))]
Frame 74
[((808, 409), (940, 493)), ((1003, 408), (1185, 496))]
Frame 75
[((808, 409), (940, 493)), ((1003, 408), (1185, 496))]
Frame 76
[((808, 409), (940, 493)), ((1003, 408), (1185, 496))]
Frame 77
[((808, 409), (940, 493)), ((1003, 408), (1185, 496))]
Frame 78
[((808, 409), (940, 493)), ((1003, 408), (1185, 496))]
Frame 79
[((808, 409), (940, 493)), ((1003, 408), (1185, 496))]
Frame 80
[((810, 409), (941, 493)), ((1014, 404), (1205, 496))]
Frame 81
[((810, 409), (941, 493)), ((1014, 404), (1205, 496))]
Frame 82
[((810, 409), (941, 493)), ((1014, 404), (1205, 496))]
Frame 83
[((810, 409), (941, 493)), ((1014, 404), (1205, 496))]
Frame 84
[((810, 409), (941, 493)), ((1014, 404), (1205, 496))]
Frame 85
[((810, 409), (941, 493)), ((1014, 404), (1205, 496))]
Frame 86
[((810, 409), (941, 493)), ((1014, 404), (1205, 496))]
Frame 87
[((810, 409), (941, 493)), ((1014, 404), (1205, 496))]
Frame 88
[((810, 409), (941, 493)), ((1014, 404), (1205, 496))]
Frame 89
[((810, 409), (941, 493)), ((1014, 404), (1205, 496))]
Frame 90
[((813, 411), (941, 495)), ((1027, 408), (1226, 502))]
Frame 91
[((813, 411), (941, 495)), ((1027, 408), (1226, 502))]
Frame 92
[((813, 411), (941, 495)), ((1027, 408), (1226, 502))]
Frame 93
[((813, 411), (941, 495)), ((1027, 408), (1226, 502))]
Frame 94
[((813, 411), (941, 495)), ((1027, 408), (1226, 502))]
Frame 95
[((813, 411), (941, 495)), ((1027, 408), (1226, 502))]
Frame 96
[((813, 411), (941, 495)), ((1027, 408), (1226, 502))]
Frame 97
[((813, 411), (941, 495)), ((1027, 408), (1226, 502))]
Frame 98
[((813, 411), (941, 495)), ((1027, 408), (1226, 502))]
Frame 99
[((813, 411), (941, 495)), ((1027, 408), (1226, 502))]
Frame 100
[((814, 409), (941, 493)), ((1039, 402), (1245, 500))]
Frame 101
[((814, 409), (941, 493)), ((1039, 402), (1245, 500))]
Frame 102
[((814, 409), (941, 493)), ((1039, 402), (1245, 500))]
Frame 103
[((814, 409), (941, 493)), ((1039, 402), (1245, 500))]
Frame 104
[((814, 409), (941, 493)), ((1039, 402), (1245, 500))]
Frame 105
[((814, 409), (941, 493)), ((1039, 402), (1245, 500))]
Frame 106
[((814, 409), (941, 493)), ((1039, 402), (1245, 500))]
Frame 107
[((814, 409), (941, 493)), ((1039, 402), (1245, 500))]
Frame 108
[((814, 409), (941, 493)), ((1039, 402), (1245, 500))]
Frame 109
[((814, 409), (941, 493)), ((1039, 402), (1245, 500))]
Frame 110
[((814, 410), (940, 488)), ((1051, 405), (1267, 502))]
Frame 111
[((814, 410), (940, 488)), ((1051, 405), (1267, 502))]
Frame 112
[((814, 410), (940, 488)), ((1051, 405), (1267, 502))]
Frame 113
[((814, 410), (940, 488)), ((1051, 405), (1267, 502))]
Frame 114
[((814, 410), (940, 488)), ((1051, 405), (1267, 502))]
Frame 115
[((814, 410), (940, 488)), ((1051, 405), (1267, 502))]
Frame 116
[((814, 410), (940, 488)), ((1051, 405), (1267, 502))]
Frame 117
[((814, 410), (940, 488)), ((1051, 405), (1267, 502))]
Frame 118
[((814, 410), (940, 488)), ((1051, 405), (1267, 502))]
Frame 119
[((814, 410), (940, 488)), ((1051, 405), (1267, 502))]
Frame 120
[((816, 409), (941, 488)), ((1063, 400), (1280, 505))]
Frame 121
[((816, 409), (941, 488)), ((1063, 400), (1280, 505))]
Frame 122
[((816, 409), (941, 488)), ((1063, 400), (1280, 505))]
Frame 123
[((816, 409), (941, 488)), ((1063, 400), (1280, 505))]
Frame 124
[((816, 409), (941, 488)), ((1063, 400), (1280, 505))]
Frame 125
[((816, 409), (941, 488)), ((1063, 400), (1280, 505))]
Frame 126
[((816, 409), (941, 488)), ((1063, 400), (1280, 505))]
Frame 127
[((816, 409), (941, 488)), ((1063, 400), (1280, 505))]
Frame 128
[((816, 409), (941, 488)), ((1063, 400), (1280, 505))]
Frame 129
[((816, 409), (941, 488)), ((1063, 400), (1280, 505))]
Frame 130
[((814, 405), (937, 486)), ((1073, 397), (1280, 506))]
Frame 131
[((814, 405), (937, 486)), ((1073, 397), (1280, 506))]
Frame 132
[((814, 405), (937, 486)), ((1073, 397), (1280, 506))]
Frame 133
[((814, 405), (937, 486)), ((1073, 397), (1280, 506))]
Frame 134
[((814, 405), (937, 486)), ((1073, 397), (1280, 506))]
Frame 135
[((814, 405), (937, 486)), ((1073, 397), (1280, 506))]
Frame 136
[((814, 405), (937, 486)), ((1073, 397), (1280, 506))]
Frame 137
[((814, 405), (937, 486)), ((1073, 397), (1280, 506))]
Frame 138
[((814, 405), (937, 486)), ((1073, 397), (1280, 506))]
Frame 139
[((814, 405), (937, 486)), ((1073, 397), (1280, 506))]
Frame 140
[((811, 407), (934, 489)), ((1081, 400), (1280, 511))]
Frame 141
[((811, 407), (934, 489)), ((1081, 400), (1280, 511))]
Frame 142
[((811, 407), (934, 489)), ((1081, 400), (1280, 511))]
Frame 143
[((811, 407), (934, 489)), ((1081, 400), (1280, 511))]
Frame 144
[((811, 407), (934, 489)), ((1081, 400), (1280, 511))]
Frame 145
[((811, 407), (934, 489)), ((1081, 400), (1280, 511))]
Frame 146
[((811, 407), (934, 489)), ((1081, 400), (1280, 511))]
Frame 147
[((811, 407), (934, 489)), ((1081, 400), (1280, 511))]
Frame 148
[((811, 407), (934, 489)), ((1081, 400), (1280, 511))]
Frame 149
[((811, 407), (934, 489)), ((1081, 400), (1280, 511))]
Frame 150
[((813, 412), (933, 488)), ((1088, 398), (1280, 512))]
Frame 151
[((813, 412), (933, 488)), ((1088, 398), (1280, 512))]
Frame 152
[((813, 412), (933, 488)), ((1088, 398), (1280, 512))]
Frame 153
[((813, 412), (933, 488)), ((1088, 398), (1280, 512))]
Frame 154
[((813, 412), (933, 488)), ((1088, 398), (1280, 512))]
Frame 155
[((813, 412), (933, 488)), ((1088, 398), (1280, 512))]
Frame 156
[((813, 412), (933, 488)), ((1088, 398), (1280, 512))]
Frame 157
[((813, 412), (933, 488)), ((1088, 398), (1280, 512))]
Frame 158
[((813, 412), (933, 488)), ((1088, 398), (1280, 512))]
Frame 159
[((813, 412), (933, 488)), ((1088, 398), (1280, 512))]
Frame 160
[((811, 405), (931, 480)), ((1094, 397), (1280, 513))]
Frame 161
[((811, 405), (931, 480)), ((1094, 397), (1280, 513))]
Frame 162
[((811, 405), (931, 480)), ((1094, 397), (1280, 513))]
Frame 163
[((811, 405), (931, 480)), ((1094, 397), (1280, 513))]
Frame 164
[((811, 405), (931, 480)), ((1094, 397), (1280, 513))]
Frame 165
[((811, 405), (931, 480)), ((1094, 397), (1280, 513))]
Frame 166
[((811, 405), (931, 480)), ((1094, 397), (1280, 513))]
Frame 167
[((811, 405), (931, 480)), ((1094, 397), (1280, 513))]
Frame 168
[((811, 405), (931, 480)), ((1094, 397), (1280, 513))]
Frame 169
[((811, 405), (931, 480)), ((1094, 397), (1280, 513))]
Frame 170
[((811, 415), (928, 492)), ((1100, 403), (1280, 524))]
Frame 171
[((811, 415), (928, 492)), ((1100, 403), (1280, 524))]
Frame 172
[((811, 415), (928, 492)), ((1100, 403), (1280, 524))]
Frame 173
[((811, 415), (928, 492)), ((1100, 403), (1280, 524))]
Frame 174
[((811, 415), (928, 492)), ((1100, 403), (1280, 524))]
Frame 175
[((811, 415), (928, 492)), ((1100, 403), (1280, 524))]
Frame 176
[((811, 415), (928, 492)), ((1100, 403), (1280, 524))]
Frame 177
[((811, 415), (928, 492)), ((1100, 403), (1280, 524))]
Frame 178
[((811, 415), (928, 492)), ((1100, 403), (1280, 524))]
Frame 179
[((811, 415), (928, 492)), ((1100, 403), (1280, 524))]
Frame 180
[((808, 409), (924, 481)), ((1104, 396), (1280, 519))]
Frame 181
[((808, 409), (924, 481)), ((1104, 396), (1280, 519))]
Frame 182
[((808, 409), (924, 481)), ((1104, 396), (1280, 519))]
Frame 183
[((808, 409), (924, 481)), ((1104, 396), (1280, 519))]
Frame 184
[((808, 409), (924, 481)), ((1104, 396), (1280, 519))]
Frame 185
[((808, 409), (924, 481)), ((1104, 396), (1280, 519))]
Frame 186
[((808, 409), (924, 481)), ((1104, 396), (1280, 519))]
Frame 187
[((808, 409), (924, 481)), ((1104, 396), (1280, 519))]
Frame 188
[((808, 409), (924, 481)), ((1104, 396), (1280, 519))]
Frame 189
[((808, 409), (924, 481)), ((1104, 396), (1280, 519))]
Frame 190
[((809, 410), (923, 483)), ((1111, 396), (1280, 521))]
Frame 191
[((809, 410), (923, 483)), ((1111, 396), (1280, 521))]
Frame 192
[((809, 410), (923, 483)), ((1111, 396), (1280, 521))]
Frame 193
[((809, 410), (923, 483)), ((1111, 396), (1280, 521))]
Frame 194
[((809, 410), (923, 483)), ((1111, 396), (1280, 521))]
Frame 195
[((809, 410), (923, 483)), ((1111, 396), (1280, 521))]
Frame 196
[((809, 410), (923, 483)), ((1111, 396), (1280, 521))]
Frame 197
[((809, 410), (923, 483)), ((1111, 396), (1280, 521))]
Frame 198
[((809, 410), (923, 483)), ((1111, 396), (1280, 521))]
Frame 199
[((808, 408), (919, 480)), ((1117, 398), (1280, 525))]
Frame 200
[((808, 408), (919, 480)), ((1117, 398), (1280, 525))]
Frame 201
[((808, 408), (919, 480)), ((1117, 398), (1280, 525))]
Frame 202
[((808, 408), (919, 480)), ((1117, 398), (1280, 525))]
Frame 203
[((808, 408), (919, 480)), ((1117, 398), (1280, 525))]
Frame 204
[((808, 408), (919, 480)), ((1117, 398), (1280, 525))]
Frame 205
[((808, 408), (919, 480)), ((1117, 398), (1280, 525))]
Frame 206
[((808, 408), (919, 480)), ((1117, 398), (1280, 525))]
Frame 207
[((808, 408), (919, 480)), ((1117, 398), (1280, 525))]
Frame 208
[((808, 408), (919, 480)), ((1117, 398), (1280, 525))]
Frame 209
[((808, 408), (919, 480)), ((1117, 398), (1280, 525))]
Frame 210
[((800, 408), (911, 480)), ((1124, 395), (1280, 527))]
Frame 211
[((800, 408), (911, 480)), ((1124, 395), (1280, 527))]
Frame 212
[((800, 408), (911, 480)), ((1124, 395), (1280, 527))]
Frame 213
[((800, 408), (911, 480)), ((1124, 395), (1280, 527))]
Frame 214
[((800, 408), (911, 480)), ((1124, 395), (1280, 527))]
Frame 215
[((800, 408), (911, 480)), ((1124, 395), (1280, 527))]
Frame 216
[((800, 408), (911, 480)), ((1124, 395), (1280, 527))]
Frame 217
[((800, 408), (911, 480)), ((1124, 395), (1280, 527))]
Frame 218
[((800, 408), (911, 480)), ((1124, 395), (1280, 527))]
Frame 219
[((800, 408), (911, 480)), ((1124, 395), (1280, 527))]
Frame 220
[((798, 406), (910, 479)), ((1133, 394), (1280, 526))]
Frame 221
[((798, 406), (910, 479)), ((1133, 394), (1280, 526))]
Frame 222
[((798, 406), (910, 479)), ((1133, 394), (1280, 526))]
Frame 223
[((798, 406), (910, 479)), ((1133, 394), (1280, 526))]
Frame 224
[((798, 406), (910, 479)), ((1133, 394), (1280, 526))]
Frame 225
[((798, 406), (910, 479)), ((1133, 394), (1280, 526))]
Frame 226
[((798, 406), (910, 479)), ((1133, 394), (1280, 526))]
Frame 227
[((798, 406), (910, 479)), ((1133, 394), (1280, 526))]
Frame 228
[((798, 406), (910, 479)), ((1133, 394), (1280, 526))]
Frame 229
[((798, 406), (910, 479)), ((1133, 394), (1280, 526))]
Frame 230
[((794, 410), (905, 480)), ((1135, 395), (1280, 534))]
Frame 231
[((794, 410), (905, 480)), ((1135, 395), (1280, 534))]
Frame 232
[((794, 410), (905, 480)), ((1135, 395), (1280, 534))]
Frame 233
[((794, 410), (905, 480)), ((1135, 395), (1280, 534))]
Frame 234
[((794, 410), (905, 480)), ((1135, 395), (1280, 534))]
Frame 235
[((794, 410), (905, 480)), ((1135, 395), (1280, 534))]
Frame 236
[((794, 410), (905, 480)), ((1135, 395), (1280, 534))]
Frame 237
[((794, 410), (905, 480)), ((1135, 395), (1280, 534))]
Frame 238
[((794, 410), (905, 480)), ((1135, 395), (1280, 534))]
Frame 239
[((794, 410), (905, 480)), ((1135, 395), (1280, 534))]
Frame 240
[((794, 408), (901, 480)), ((1142, 393), (1280, 530))]
Frame 241
[((794, 408), (901, 480)), ((1142, 393), (1280, 530))]
Frame 242
[((794, 408), (901, 480)), ((1142, 393), (1280, 530))]
Frame 243
[((794, 408), (901, 480)), ((1142, 393), (1280, 530))]
Frame 244
[((794, 408), (901, 480)), ((1142, 393), (1280, 530))]
Frame 245
[((794, 408), (901, 480)), ((1142, 393), (1280, 530))]
Frame 246
[((794, 408), (901, 480)), ((1142, 393), (1280, 530))]
Frame 247
[((794, 408), (901, 480)), ((1142, 393), (1280, 530))]
Frame 248
[((794, 408), (901, 480)), ((1142, 393), (1280, 530))]
Frame 249
[((794, 408), (901, 480)), ((1142, 393), (1280, 530))]
Frame 250
[((794, 408), (901, 480)), ((1142, 393), (1280, 530))]
Frame 251
[((794, 408), (901, 480)), ((1142, 393), (1280, 530))]
